Effects=Tonemap.fx,AmbientLight.fx,FilmicPass.fx,ColorMatrix.fx,LumaSharpen.fx,LevelsPlus.fx
Techniques=AmbientLight@AmbientLight.fx,ColorMatrix@ColorMatrix.fx,FilmicPass@FilmicPass.fx,LevelsPlus@LevelsPlus.fx,Tonemap@Tonemap.fx,Vibrance@Vibrance.fx,DPX@DPX.fx
TechniqueSorting=AmbientLight@AmbientLight.fx,ColorMatrix@ColorMatrix.fx,FilmicPass@FilmicPass.fx,LumaSharpen@LumaSharpen.fx,LevelsPlus@LevelsPlus.fx,Tonemap@Tonemap.fx,SMAA@SMAA.fx,Vibrance@Vibrance.fx,DPX@DPX.fx,CA@ChromaticAberration.fx,Tint@Sepia.fx

[AmbientLight.fx]
alAdapt=0.400000
alAdaptBaseBlackLvL=1
alAdaptBaseMult=1.000000
alDebug=0
alDirtInt=0.200000
alDirtOVInt=-0.250000
alInt=6.000000
alLensInt=0.650000
alLensThresh=0.500000
alThreshold=15.000000
AL_Adaptation=1
AL_Adaptive=2
AL_Dirt=0
AL_DirtTex=1
AL_Lens=0
AL_Vibrance=1

[ColorMatrix.fx]
ColorMatrix_Blue=0.200000,0.000000,0.850000
ColorMatrix_Green=0.200000,0.655000,0.250000
ColorMatrix_Red=0.800000,0.200000,0.000000
Strength=0.400000

[DPX.fx]
Colorfulness=1.000000
Contrast=0.000000
RGB_C=0.333334,0.333334,0.333334
RGB_Curve=11.111111,11.111111,11.111111
Saturation=1.000000
Strength=0.166667

[FilmicPass.fx]
BaseCurve=1.000000
BaseGamma=1.000000
Bleach=0.000000
BlueCurve=1.000000
Contrast=1.100000
EffectGamma=1.000000
EffectGammaB=1.000000
EffectGammaG=1.400000
EffectGammaR=1.000000
Fade=0.250000
GreenCurve=1.000000
Linearization=0.654000
LumCoeff=0.196078,0.078431,0.470588
RedCurve=1.000000
Saturation=-0.150000
Strength=0.650000

[LevelsPlus.fx]
ACESLuminancePercentage=46,14,56
ColorRangeShift=0.000000,0.000000,0.000000
ColorRangeShiftSwitch=0
enableACESFilmRec2020=0
enableACESFilmRec2020old=0
enableACESFitted=0
EnableLevels=4294967295
HighlightClipping=0
InputBlackPoint=0.011765,0.011765,0.011765
InputGamma=1.000000,1.000000,1.000000
InputWhitePoint=1.000000,1.000000,1.000000
OutputBlackPoint=0.000000,0.000000,0.000000
OutputWhitePoint=1.000000,1.000000,1.000000

[LumaSharpen.fx]
offset_bias=1.000000
pattern=1
sharp_clamp=0.035000
sharp_strength=0.650000
show_sharpen=0

[Tonemap.fx]
Bleach=1.200000
Defog=-0.020000
Exposure=-0.565000
FogColor=0.309804,0.027451,0.470588
Gamma=0.900000
Saturation=-0.000000

[Vibrance.fx]
Vibrance=0.30000
VibranceRGBBalance=1.000000,1.000000,1.000000

